         129
         146
         147
         156
         157
         160
         256
         270
         271
         277
         278
         281
         301
         306
         309
         430
         431
         435
         438
         439
         446
         466
         478
         479
         519
         520
         521
         522
         524
         525
         526
         528
         532
         543
         544
         553
         554
         681
         693
         705
         712
         777
         778
         780
         781
         782
         783
         786
         800
         801
         820
         821
         824
         826
         827
         828
         849
         852
         853
         854
         872
         873
         874
         876
         877
         882
         886
        1001
        1002
        1033
        1094
        1096
        1097
        1105
        1127
        1128
        1134
        1158
        1159
        1160
        1180
        1181
        1182
        1183
        1185
        1186
        1187
        1196
        1219
        1220
        1233
        1234
        1239
        1240
        1243
        1244
        1245
        1340
        1377
        1381
        1426
        1434
        1476
        1478
        1493
        1495
        1497
        1498
        1499
        1501
        1526
        1536
        1537
        1538
        1540
        1548
        1552
        1553
        1554
        1576
        1577
        1584
        1585
        1592
        1595
        1598
        1599
        1600
        1602
        1712
        1749
        1786
        1787
        1809
        1813
        1839
        1840
        1841
        1842
        1853
        1854
        1855
        1856
        1872
        1873
        1881
        1882
        1891
        1895
        1898
        1899
        1901
        1902
        1903
        1904
        1928
        1929
        1930
        1931
        1933
        1934
        1935
        1936
        1937
        1938
        2017
        2066
        2067
        2101
        2102
        2132
        2134
        2144
        2146
        2147
        2158
        2159
        2166
        2167
        2172
        2174
        2176
        2179
        2180
        2181
        2207
        2208
        2210
        2211
        2212
        2213
        2214
        2215
        2216
        2228
        2229
        2232
        2233
        2234
        2235
        2236
        2239
        2240
        2241
        2242
        2243
        2315
        2353
        2354
        2379
        2424
        2425
        2430
        2431
        2433
        2434
        2437
        2442
        2443
        2459
        2460
        2461
        2462
        2463
        2467
        2468
        2482
        2484
        2487
        2493
        2494
        2495
        2504
        2517
        2518
        2519
        2521
        2524
        2525
        2528
        2529
        2631
        2632
        2633
        2689
        2695
        2697
        2699
        2700
        2704
        2705
        2706
        2723
        2724
        2737
        2739
        2742
        2743
        2748
        2756
        2758
        2762
        2765
        2768
        2771
        2772
        2789
        2790
        2794
        2883
        2884
        2886
        2937
        2938
        2939
        2957
        2960
        2967
        2968
        2969
        2973
        2981
        2983
        2989
        2990
        2994
        2995
        2997
        3010
        3012
        3013
        3024
        3030
        3031
        3033
        3034
        3035
        3036
        3037
        3038
        3039
        3041
        3042
        3043
        3044
        3045
        3046
        3047
        3048
        3049
        3050
        3051
        3053
        3130
        3177
        3178
        3179
        3189
        3197
        3207
        3215
        3219
        3232
        3233
        3241
        3245
        3248
        3252
        3253
        3255
        3258
        3260
        3261
        3262
        3265
        3277
        3281
        3285
        3347
        3384
        3385
        3388
        3389
        3392
        3406
        3418
        3419
        3428
        3430
        3433
        3434
        3436
        3442
        3443
        3458
        3459
        3464
        3465
        3469
        3473
        3476
        3478
        3479
        3480
        3482
        3486
        3487
        3488
        3489
        3490
        3570
        3583
        3593
        3594
        3601
        3604
        3605
        3618
        3619
        3620
        3623
        3628
        3629
        3630
        3637
        3638
        3640
        3641
        3643
        3652
        3654
        3655
        3656
        3660
        3663
        3664
        3665
        3666
        3738
        3742
        3748
        3760
        3761
        3762
        3767
        3768
        3769
        3779
        3782
        3788
        3791
        3792
        3793
        3800
        3801
        3802
        3803
        3804
        3805
        3810
        3811
        3814
        3874
        3876
        3882
        3904
        3906
        3909
        3910
        3913
        3914
        3915
        3916
        3920
        3922
        3923
        3930
        3933
        3934
        3935
        3937
        3992
        4006
        4007
        4008
        4011
        4012
        4015
        4026
        4028
        4030
        4031
        4035
        4038
        4039
        4075
        4079
        4083
        4084
        4094
        4096
        4100
        4101
        4102
        4103
        4107
        4108
        4136
        4147
        4148
        4149
        4151
        4154
        4156
        4180
        4181
        4182
        4184
        4188
        4201
        4206
        4207
