482 877 3

    22.85278200      1.77020100     22.42666700
    22.84208200      1.74642800     22.52397300
    22.82585500      1.88305400     22.45419600
    22.83083400      1.72288500     22.62099000
    22.81144700      1.85403000     22.55032400
    22.82772400      1.71093300     22.66969800
    22.79724300      1.98921400     22.48053800
    22.79627200      1.85039200     22.64896800
    22.78287500      1.93666500     22.58641300
    22.82423600      1.69888400     22.71806700
    22.80299100      1.77043100     22.74231100
    22.75978700      2.08621300     22.50444800
    22.75527800      2.02486500     22.59233600
    22.67498700      2.25007300     22.54326800
    22.71817800      2.17276700     22.52436300
    22.78276200      1.87789000     22.76127300
    22.76624500      1.96049200     22.67681000
    22.63430100      2.32227800     22.56305700
    22.81642500      1.67511300     22.81520100
    22.79248900      1.79445600     22.84440600
    22.71218400      2.11685900     22.61341100
    22.73484500      2.05369500     22.70409900
    22.68410000      2.19313500     22.59079500
    22.64767600      2.25009800     22.61580100
    22.76451500      1.98027100     22.78772800
    22.77334100      1.90137600     22.87057100
    22.59873000      2.35330100     22.62857200
    22.61746000      2.30080300     22.66056100
    22.79745200      1.65167700     22.91183800
    22.78235200      1.73003400     22.94853600
    22.77292400      1.82362700     22.95393700
    22.67323500      2.18557700     22.66322900
    22.64361400      2.24313800     22.69104200
    22.75701100      1.99780900     22.89417000
    22.76321900      1.91200000     22.95869400
    22.65197200      1.50877100     23.49514900
    22.73655400      1.58051700     23.20385400
    22.59412100      2.41509100     22.58649700
    22.70050100      2.13634300     22.72874200
    22.73817700      2.06858800     22.81196900
    22.54247900      2.51126200     22.61196600
    22.57774300      2.39600100     22.65827200
    22.59772000      2.34484500     22.70521900
    22.63398400      2.28527000     22.76711800
    22.77829700      1.62794200     23.00955900
    22.76675200      1.74478500     23.03815200
    22.75772800      1.85678300     23.06556000
    22.66627900      2.21274800     22.74979100
    22.73231300      2.08307100     22.91503500
    22.75035700      1.98047700     22.99145500
    22.64028400      1.61003900     23.51993100
    22.69914300      1.54470100     23.34951600
    22.66835700      1.60655200     23.44259900
    22.75856600      1.60459200     23.10541700
    22.74379400      1.70389600     23.15897100
    22.72812300      1.68417100     23.22922000
    22.52890700      2.52852400     22.61584000
    22.68885300      2.20141900     22.81811900
    22.71504200      2.14136800     22.84574900
    22.60777100      2.34720900     22.77967200
    22.66247700      2.26838600     22.82744900
    22.74325600      1.81342400     23.16158600
    22.74395200      1.95861200     23.09047900
    22.70847700      2.15959700     22.93376200
    22.72851600      2.07470400     23.01587900
    22.68837600      1.65911900     23.37751600
    22.69755900      2.19835800     22.88784400
    22.51525800      2.54567900     22.61969000
    22.55496500      2.45576000     22.65620600
    22.51720000      2.52185600     22.66083000
    22.57105900      2.41665700     22.73191900
    22.63838400      2.33371700     22.83953200
    22.72994200      1.91280000     23.18019100
    22.47090900      2.60536100     22.63384700
    22.62871100      1.70740700     23.54375900
    22.65371200      1.71378300     23.47833000
    22.72402600      1.78260000     23.25330800
    22.67907800      2.25445800     22.89247300
    22.58188800      2.40951300     22.79105700
    22.61621200      2.39569600     22.84941200
    22.65835000      2.31705500     22.90356700
    22.71167300      1.87283800     23.27539000
    22.72697500      2.05422600     23.11387700
    22.72037100      2.01495300     23.20779000
    22.68617700      2.22956200     22.95088400
    22.70451600      2.16598500     22.99948000
    22.70629200      2.14149100     23.06401800
    22.67967800      1.76717100     23.40395800
    22.49239100      2.57027500     22.66023900
    22.54519600      2.49558400     22.73132000
    22.55936000      2.47362900     22.80470900
    22.70566700      1.96040600     23.29682000
    22.61758400      1.79961700     23.56632400
    22.64395700      1.82549400     23.49677400
    22.66655800      1.86877100     23.42882100
    22.70044700      2.10315800     23.19686400
    22.60692200      1.88779400     23.58790300
    22.42567800      2.66523600     22.64854800
    22.50320300      2.55301400     22.71332300
    22.59217900      2.45450000     22.86173000
    22.63846100      2.37839100     22.91594000
    22.45634400      2.61711600     22.69844600
    22.66569500      2.29481800     22.96685300
    22.62064100      2.43581700     22.92343000
    22.64735200      2.35733600     22.98215200
    22.70215100      2.13986100     23.13483400
    22.69104600      2.08642700     23.26356100
    22.68974900      2.04223200     23.31684400
    22.68435700      2.23052800     23.02983100
    22.68947300      2.20033700     23.09549800
    22.53019800      2.52621200     22.76786900
    22.56928800      2.50217700     22.85482100
    22.52992000      2.53442800     22.81958800
    22.65801600      1.96596500     23.45260600
    22.67199200      2.03990000     23.38254700
    22.63404200      1.92062200     23.51840000
    22.68534100      2.17434600     23.19977300
    22.67484100      2.16279900     23.26993100
    22.59736900      1.96716400     23.60732600
    22.39313800      2.72479700     22.66179900
    22.41083900      2.68427400     22.71386400
    22.48928800      2.58069600     22.76717400
    22.59308700      2.50006300     22.90805000
    22.44271300      2.64361800     22.77461600
    22.61182300      2.47093600     22.96121600
    22.66848100      2.11850200     23.33550800
    22.35546500      3.16128100     22.76678800
    22.32919500      3.13620300     22.76062600
    22.35227400      2.78298800     22.67716100
    22.53131800      2.55214600     22.87577400
    22.63118300      2.41821700     22.99705100
    22.67288200      2.26811700     23.09976700
    22.66302800      2.30758200     23.03775600
    22.64688100      2.36474300     23.03831500
    22.68244700      2.22128500     23.15476000
    22.48303600      2.59685000     22.83486300
    22.62301000      2.00693100     23.53915300
    22.63911000      2.05392300     23.47413100
    22.64786400      2.12151600     23.41249100
    22.66676800      2.24080000     23.23662300
    22.65728700      2.22598300     23.30619300
    22.65384800      2.18997100     23.35299800
    22.58327200      2.04274000     23.62582000
    22.37194700      2.74418000     22.72210200
    22.39165700      2.71230300     22.78854800
    22.54487300      2.55614300     22.92604600
    22.58119600      2.52238900     22.96869000
    22.43490200      2.65995900     22.85030700
    22.60989300      2.47833400     23.01176200
    22.36891500      3.15844400     22.80662100
    22.32685000      3.14283200     22.80821400
    22.31494500      3.10709200     22.78582900
    22.32408500      3.09182100     22.75011000
    22.33480000      2.83871600     22.68925500
    22.33485000      2.80144200     22.72918400
    22.33323200      2.89340000     22.70188900
    22.32295700      2.85526200     22.74243500
    22.60326500      2.08742800     23.55878200
    22.64452000      2.28327100     23.31002300
    22.35038600      2.76801400     22.76913800
    22.33250700      2.94622900     22.71427600
    22.33222400      2.99700700     22.72688800
    22.32939000      3.04563600     22.73901300
    22.34838800      3.15097400     22.84198400
    22.31324000      3.10082300     22.82269200
    22.48597100      2.61387600     22.90877500
    22.61754300      2.45271400     23.07099100
    22.63652800      2.40223000     23.06289100
    22.65291400      2.34115500     23.10661300
    22.66197900      2.29753900     23.17342000
    22.61995700      2.13486800     23.49394000
    22.63200300      2.19414500     23.43312800
    22.64804900      2.31306000     23.24648600
    22.63850900      2.25704400     23.36941200
    22.56647900      2.11422200     23.64331300
    22.34820500      2.77044000     22.82177300
    22.38692000      2.72201500     22.86549400
    22.52525900      2.58249400     22.97624000
    22.56491400      2.53921900     23.02666200
    22.42621900      2.68387500     22.92263800
    22.59743400      2.50259900     23.07111300
    22.38392800      3.15462700     22.84637400
    22.31962200      3.12175700     22.86386800
    22.31728300      3.06236900     22.79528800
    22.31929000      2.81609400     22.78341300
    22.32452900      2.90825500     22.75585800
    22.32107100      2.86893700     22.79742200
    22.58487600      2.16584600     23.57805700
    22.62865700      2.33820800     23.31946400
    22.62047600      2.32077600     23.38500800
    22.32516500      2.96021500     22.76887100
    22.32321600      3.01113600     22.78180500
    22.35536600      3.15027100     22.88224100
    22.31899400      3.07075000     22.85303900
    22.63928600      2.38595500     23.12784300
    22.32351400      3.02403100     22.83708600
    22.60279400      2.21106800     23.51258700
    22.61500500      2.25054900     23.45878900
    22.63525400      2.35455600     23.25455000
    22.31727700      2.82666900     22.83854000
    22.39703700      3.15417100     22.88792400
    22.32458100      2.92182300     22.81078500
    22.32363600      2.88165700     22.85258100
    22.57999500      2.22980700     23.56667000
    22.32547200      2.97374000     22.82382700
    22.32758900      2.93527900     22.86588300
    22.46664300      2.64596200     22.98364000
    22.62445900      2.42523200     23.13539600
    22.59902800      2.49228900     23.14183800
    22.63978300      2.36985400     23.19111700
    22.60549400      2.30179500     23.45797100
    22.55031100      2.18400500     23.66039100
    22.34314100      2.78173800     22.88010900
    22.37455200      2.74555600     22.92985200
    22.50369900      2.60173000     23.04195900
    22.54848800      2.55252500     23.09546800
    22.40453300      2.71664000     22.99710000
    22.33259600      3.12785300     22.91802500
    22.32358300      3.08372900     22.90495300
    22.56162400      2.21936800     23.61870100
    22.61065400      2.38618000     23.33541200
    22.62100000      2.39260900     23.26587400
    22.59811300      2.34829600     23.44227500
    22.60033000      2.37960600     23.39940500
    22.36871600      3.15439500     22.92684000
    22.32868700      3.03638400     22.89195200
    22.32932400      2.98704500     22.87877600
    22.58449300      2.28441200     23.53053500
    22.31948000      2.83962600     22.89427500
    22.32466400      2.89574600     22.90800800
    22.56023900      2.26842600     23.60365600
    22.32914000      2.94985100     22.92124900
    22.44363200      2.66691200     23.05791000
    22.59239700      2.42961000     23.35816800
    22.58490600      2.33750300     23.49436000
    22.53451000      2.25329900     23.67734800
    22.35507300      2.77287500     22.97766800
    22.38228800      3.16394500     22.97364100
    22.33307800      3.00116600     22.93380600
    22.55368500      2.32647800     23.59518900
    22.53966100      2.30269700     23.64398500
    22.61236900      2.44044300     23.20839100
    22.57871300      2.51101900     23.22566200
    22.53474200      2.56301400     23.16819600
    22.59590600      2.45468300     23.29100300
    22.32777800      2.80469600     22.93662700
    22.48607000      2.61657900     23.11381300
    22.35549600      2.77911400     23.03050100
    22.39525900      2.73218400     23.07388400
    22.32923900      3.09632900     22.95709400
    22.34598300      3.13803100     22.96730000
    22.33212300      3.04993000     22.94574000
    22.57415600      2.39541900     23.48046800
    22.57830000      2.43935000     23.41402500
    22.56235300      2.35790200     23.54852000
    22.31832300      2.86076700     22.95015000
    22.32188900      2.91629200     22.96392800
    22.32583700      2.97076600     22.97712100
    22.42715400      2.68549200     23.13170500
    22.57327900      2.48437500     23.35945900
    22.52071700      2.31480000     23.69239800
    22.31647500      2.82382400     22.99210000
    22.35770600      3.15995300     23.00730300
    22.32986600      3.02194400     22.98506400
    22.53707100      2.39149800     23.60803100
    22.52867600      2.35612600     23.65188700
    22.33012100      3.07183400     22.99394400
    22.33607200      3.11824400     23.00369000
    22.55357500      2.49963200     23.42877700
    22.51214300      2.58112100     23.24281700
    22.55254100      2.52864500     23.30006400
    22.46906900      2.63259600     23.18690000
    22.32254500      2.83884900     23.04777100
    22.34919200      2.79561900     23.08940700
    22.37648400      2.75627800     23.15264200
    22.55524200      2.45638100     23.48457300
    22.54042900      2.43070000     23.56633500
    22.31735000      2.87972100     23.00623400
    22.31946800      2.93670200     23.02007400
    22.32159700      2.99630800     23.03426000
    22.41036900      2.70132000     23.20508700
    22.52275900      2.54715200     23.37196600
    22.50700100      2.37709500     23.70764300
    22.33788200      3.14712600     23.04724600
    22.38117500      3.17923100     23.04858800
    22.32631900      3.04612100     23.02511500
    22.51415000      2.41831000     23.66595900
    22.51897300      2.45884900     23.62423200
    22.32776000      3.09380100     23.04510300
    22.49620600      2.56143800     23.44390200
    22.52155100      2.51583200     23.51868100
    22.44695400      2.65071600     23.25984800
    22.32225800      2.89681000     23.06215700
    22.32835600      2.85589400     23.10415700
    22.51859700      2.50198700     23.58378000
    22.32282000      2.95310900     23.07591300
    22.31993500      3.00475800     23.09269500
    22.32017100      3.04570900     23.06511800
    22.49341900      2.44071100     23.72321100
    22.34972900      3.18022500     23.09153400
    22.32245600      3.13121300     23.09261800
    22.31688500      3.08511600     23.08650000
    22.32818600      2.91305300     23.11814500
    22.32643900      2.96719200     23.13139400
    22.31611500      3.01755300     23.14371800
    22.31135300      3.05148400     23.11110400
    22.37861100      3.18438600     23.13742600
    22.33349400      3.16558100     23.13531700
    22.31056900      3.09674300     23.12361200
    22.31084700      3.13378200     23.13729200
    22.31000000      3.06433100     23.15516600
    22.35437600      3.17573400     23.18242800
    22.31000000      3.11083400     23.16654600
    22.48726300      2.59707700     23.31510900
    22.32963900      2.82411900     23.15125400
    22.33728700      2.80277500     23.19746500
    22.36106100      2.76282600     23.22840200
    22.46387400      2.58940700     23.51896900
    22.38797500      2.71845900     23.27642600
    22.46113900      2.61218900     23.38719800
    22.49888500      2.48348900     23.68190600
    22.49065200      2.52680200     23.64110000
    22.44108500      2.62627000     23.45976800
    22.46903300      2.57191400     23.60089200
    22.42569500      2.66480800     23.33121500
    22.32851100      2.88286300     23.16290000
    22.47811400      2.50591200     23.73916700
    22.32836100      2.93856800     23.17608200
    22.32212100      2.99203100     23.18879900
    22.31000000      3.04097500     23.20019700
    22.31636600      3.15078800     23.17632300
    22.31000000      3.08660800     23.20498000
    22.37347700      3.18043200     23.22169600
    22.33132100      3.16474900     23.21685400
    22.31000000      3.13397900     23.20916600
    22.31597700      2.82157700     23.25064100
    22.46575700      2.54968400     23.69848200
    22.31000000      3.11221700     23.24265100
    22.37478500      2.73223100     23.34721500
    22.32395900      2.85424800     23.20799400
    22.33767800      2.78367000     23.29238400
    22.41393300      2.65659800     23.52192700
    22.43354200      2.62691900     23.56759700
    22.40969700      2.67948800     23.40333700
    22.44738000      2.59460300     23.65822100
    22.39483800      2.69270200     23.47602500
    22.42182800      2.64146800     23.61791300
    22.32476900      2.90939200     23.22071700
    22.44288500      2.57283000     23.75554200
    22.32368200      2.96412100     23.23369000
    22.31377600      3.01722100     23.24592600
    22.31000000      3.07013300     23.25793300
    22.34756900      3.17358000     23.25879100
    22.31071300      3.14913700     23.25192800
    22.31000000      2.84547100     23.30750800
    22.31760000      2.87875800     23.26469200
    22.42820000      2.61497300     23.71551000
    22.31000000      3.12053300     23.28483800
    22.32616500      2.79788600     23.36202600
    22.36081600      2.74747200     23.41928500
    22.39319000      2.68543200     23.57885700
    22.31963900      2.93446400     23.27805500
    22.31000000      3.08863100     23.31842700
    22.36368200      3.18082800     23.30225900
    22.32333800      3.15961600     23.29599000
    22.31000000      3.13649500     23.33328200
    22.31000000      3.10929700     23.37207100
    22.38057000      3.18679600     23.34689600
    22.33776100      3.17068500     23.34201300
    22.31804900      3.15223400     23.38257800
    22.37153200      2.72180100     23.53553600
    22.40588100      2.66182100     23.67701400
    22.35019900      2.75872200     23.49218100
    22.37803400      2.71053200     23.63481400
    22.40786500      2.64133300     23.77230600
    22.31789400      2.98864300     23.29082900
    22.31000000      3.04028800     23.30310100
    22.31000000      2.85883200     23.36895700
    22.31288000      2.90396200     23.32182200
    22.39536300      2.67354000     23.73285300
    22.31113100      2.81836600     23.43348300
    22.35234700      2.74955000     23.59352900
    22.31540300      2.95943500     23.33539700
    22.31000000      3.06169400     23.36042200
    22.31000000      3.11950000     23.41865600
    22.31000000      3.07162400     23.41273100
    22.35256000      3.18141700     23.38972000
    22.32735100      3.16209700     23.42229900
    22.31003000      2.91656200     23.37536500
    22.33091900      2.78603400     23.55068000
    22.31000000      2.82280500     23.50786300
    22.31401500      3.01204700     23.34827200
    22.31000000      2.87790400     23.41457300
    22.31288300      3.02128100     23.40108600
    22.31433200      3.13377600     23.45311400
    22.36434800      3.18819500     23.42827500
    22.33464800      3.16796700     23.46249200
    22.37272500      3.19233300     23.47111700
    22.36721800      2.72841400     23.70688800
    22.33923600      2.77714800     23.65111600
    22.37319500      2.70995300     23.78909900
    22.31000000      2.87582700     23.46560400
    22.31560400      2.81284500     23.60867400
    22.31307700      2.96944300     23.38834900
    22.31000000      3.08654700     23.46642700
    22.31153000      3.03150800     23.45447700
    22.31000000      2.92589700     23.42828800
    22.31000000      2.84799300     23.56564900
    22.31000000      2.88344900     23.52270400
    22.31201500      2.97836100     23.44174200
    22.31642000      3.13034900     23.49226000
    22.33796500      3.16951400     23.50485600
    22.37499200      3.19434800     23.51545200
    22.31616800      2.84020400     23.66654700
    22.31000000      2.93211900     23.48195400
    22.31318500      2.87355900     23.62338500
    22.31000000      3.08805500     23.52306000
    22.31015800      3.03957300     23.50812200
    22.31181700      2.98670900     23.49547200
    22.31129300      2.90704700     23.58002500
    22.31091000      2.94100600     23.53678900
    22.37310600      3.19529400     23.55962500
    22.34745200      2.76473200     23.75497200
    22.33011900      2.79805300     23.71031100
    22.34140700      2.77558000     23.80515900
    22.33965400      3.17131400     23.54912100
    22.31942900      3.13265200     23.53811300
    22.31869200      2.85925700     23.72307900
    22.31702000      2.89984200     23.68114100
    22.31513800      2.93130100     23.63747400
    22.31008700      3.04608200     23.56250300
    22.31093000      3.09392800     23.57421100
    22.31221200      2.99491300     23.54998100
    22.31360500      2.96305400     23.59374400
    22.37701800      3.19711500     23.59946300
    22.34002200      3.17609000     23.59431800
    22.32060800      2.81995900     23.76558100
    22.32015200      3.13785200     23.58496000
    22.31315800      3.01611200     23.60673100
    22.31143000      3.06644500     23.61898200
    22.35930000      3.19256000     23.63592600
    22.32098900      2.83776700     23.82037700
    22.31980200      2.87817600     23.77895500
    22.31903100      2.91720500     23.73683300
    22.31783700      2.95622800     23.69494000
    22.31595800      2.98607900     23.65086500
    22.31445600      3.11452700     23.62964500
    22.32757900      3.15813900     23.63353600
    22.31481700      3.03817300     23.66355100
    22.31416400      3.08851700     23.67532600
    22.34151600      3.17776700     23.66904100
    22.38294600      3.19630900     23.67989500
    22.31956100      2.97255200     23.75010900
    22.34499600      3.17944500     23.70825700
    22.38138800      3.19451600     23.72094800
    22.32077400      2.89665600     23.83478800
    22.32308000      3.13950500     23.68492300
    22.32028800      2.93498000     23.79252300
    22.31770400      3.00957000     23.70799400
    22.31611600      3.06007900     23.72035400
    22.31771300      3.10788100     23.73205200
    22.32055200      2.99010100     23.80544500
    22.31893200      3.02539900     23.76205900
    22.35676600      3.18745900     23.75152600
    22.32934800      3.15198100     23.74284400
    22.31625700      3.07423800     23.76814200
    22.32053200      3.12102900     23.77493000
    22.32119600      2.95237900     23.84842400
    22.32008600      3.00515100     23.86133900
    22.31788800      3.04582000     23.81688800
    22.38262200      3.18966400     23.79048400
    22.33936900      3.16425900     23.79047000
    22.31672300      3.09096200     23.80367300
    22.32383100      3.12736100     23.81599900
    22.31738400      3.05444300     23.87340100
    22.31742400      3.09086900     23.84232800
    22.36752800      3.18089100     23.82897100
    22.34030500      3.15604500     23.83090200
    22.32891900      3.13134600     23.85633500
    22.32130700      3.10090200     23.88477000
    22.35562400      3.16359000     23.86453400
    22.34171500      3.14048300     23.89445700
     2      1      3    -1
     2      3      5    -1
     4      2      5    -1
     5      3      7    -1
     4      5      8    -1
     4      8      6    -1
     5      7      9    -1
     8      5      9    -1
     6      8     11    -1
    11     10      6    -1
    13      9      7    -1
    12     13      7    -1
     9     17      8    -1
     8     16     11    -1
    17     16      8    -1
    13     17      9    -1
    19     10     11    -1
    20     11     16    -1
    19     11     20    -1
    12     21     13    -1
    15     21     12    -1
    13     22     17    -1
    21     22     13    -1
    14     23     15    -1
    18     24     14    -1
    14     24     23    -1
    15     23     21    -1
    17     25     16    -1
    16     26     20    -1
    25     26     16    -1
    17     22     25    -1
    28     24     18    -1
    28     18     27    -1
    27     18     38    -1
    19     20     29    -1
    31     20     26    -1
    29     20     30    -1
    30     20     31    -1
    21     39     22    -1
    21     23     32    -1
    32     39     21    -1
    25     22     40    -1
    40     22     39    -1
    32     23     24    -1
    28     33     24    -1
    33     32     24    -1
    25     34     26    -1
    40     34     25    -1
    35     31     26    -1
    34     35     26    -1
    28     27     43    -1
    27     38     42    -1
    43     27     42    -1
    44     33     28    -1
    44     28     43    -1
    45     29     30    -1
    46     30     31    -1
    46     45     30    -1
    47     31     35    -1
    46     31     47    -1
    33     48     32    -1
    32     48     39    -1
    44     48     33    -1
    34     50     35    -1
    40     49     34    -1
    49     50     34    -1
    47     35     50    -1
    53     51     36    -1
    53     36     52    -1
    52     37     56    -1
    54     55     37    -1
    56     37     55    -1
    41     69     38    -1
    42     38     69    -1
    59     40     39    -1
    48     58     39    -1
    39     58     59    -1
    59     49     40    -1
    70     41     57    -1
    70     69     41    -1
    71     43     42    -1
    69     71     42    -1
    44     43     60    -1
    60     43     71    -1
    44     61     48    -1
    44     60     72    -1
    44     72     61    -1
    54     45     46    -1
    62     46     47    -1
    54     46     55    -1
    55     46     62    -1
    47     50     63    -1
    62     47     73    -1
    63     73     47    -1
    48     61     58    -1
    49     65     50    -1
    59     64     49    -1
    64     65     49    -1
    63     50     65    -1
    51     53     76    -1
    76     75     51    -1
    53     52     66    -1
    52     56     66    -1
    66     76     53    -1
    55     77     56    -1
    62     77     55    -1
    66     56     77    -1
    70     57     68    -1
    67     59     58    -1
    78     58     61    -1
    78     67     58    -1
    67     64     59    -1
    60     71     79    -1
    72     60     80    -1
    79     80     60    -1
    61     72     81    -1
    81     78     61    -1
    73     82     62    -1
    62     82     77    -1
    63     65     83    -1
    63     84     73    -1
    83     84     63    -1
    64     86     65    -1
    67     85     64    -1
    85     86     64    -1
    87     83     65    -1
    65     86     87    -1
    76     66     88    -1
    66     77     88    -1
    78     85     67    -1
    89     70     68    -1
    68     74     89    -1
    90     69     70    -1
    90     71     69    -1
    99     70     89    -1
    99     90     70    -1
    79     71     91    -1
    90     91     71    -1
    80    101     72    -1
   101     81     72    -1
    73     92     82    -1
    84     92     73    -1
    89     74    102    -1
   102     74     98    -1
    76     93     75    -1
    94     76     88    -1
    94     93     76    -1
    88     77     82    -1
    81    103     78    -1
    78    103     85    -1
    79    100     80    -1
    91    100     79    -1
   104     80    100    -1
   104    101     80    -1
   101    105     81    -1
    81    105    103    -1
    88     82     95    -1
    95     82     92    -1
    83     96     84    -1
    87    106     83    -1
   106     96     83    -1
    84    108     92    -1
    84     96    107    -1
   107    108     84    -1
    85    109     86    -1
   103    109     85    -1
    86    109     87    -1
   110    106     87    -1
   110     87    109    -1
    95     94     88    -1
    89    102     99    -1
    91     90    111    -1
    90     99    111    -1
    91    112    100    -1
    91    111    113    -1
   113    112     91    -1
    95     92    114    -1
   108    115     92    -1
   114     92    115    -1
    94     97     93    -1
    95    116     94    -1
   116     97     94    -1
   114    116     95    -1
   106    117     96    -1
   118    107     96    -1
    96    117    118    -1
   116    119     97    -1
   102     98    121    -1
   121     98    120    -1
   102    122     99    -1
   122    111     99    -1
   123    104    100    -1
   123    100    112    -1
   131    101    104    -1
   131    105    101    -1
   102    121    124    -1
   102    124    122    -1
   105    133    103    -1
   103    133    109    -1
   125    104    123    -1
   125    131    104    -1
   105    131    134    -1
   105    134    133    -1
   110    135    106    -1
   135    117    106    -1
   107    126    108    -1
   118    126    107    -1
   115    108    126    -1
   132    110    109    -1
   109    133    132    -1
   132    135    110    -1
   113    111    122    -1
   130    112    113    -1
   123    112    130    -1
   113    122    136    -1
   130    113    136    -1
   114    115    138    -1
   114    137    116    -1
   114    138    137    -1
   115    126    139    -1
   138    115    139    -1
   137    119    116    -1
   117    140    118    -1
   135    140    117    -1
   118    142    126    -1
   141    118    140    -1
   141    142    118    -1
   137    143    119    -1
   121    120    144    -1
   144    120    129    -1
   145    124    121    -1
   121    144    145    -1
   136    122    124    -1
   125    123    147    -1
   123    130    146    -1
   123    146    147    -1
   136    124    148    -1
   148    124    145    -1
   125    149    131    -1
   125    147    149    -1
   139    126    142    -1
   127    151    128    -1
   127    150    151    -1
   128    151    152    -1
   152    153    128    -1
   144    129    155    -1
   155    129    154    -1
   130    136    166    -1
   130    166    146    -1
   134    131    168    -1
   131    149    167    -1
   131    167    168    -1
   169    132    133    -1
   132    170    135    -1
   169    170    132    -1
   133    134    169    -1
   168    169    134    -1
   170    140    135    -1
   166    136    148    -1
   137    138    158    -1
   158    143    137    -1
   139    171    138    -1
   171    158    138    -1
   142    172    139    -1
   172    171    139    -1
   159    141    140    -1
   140    173    159    -1
   170    173    140    -1
   141    174    142    -1
   159    174    141    -1
   174    172    142    -1
   158    175    143    -1
   144    160    145    -1
   144    155    160    -1
   148    145    177    -1
   176    145    160    -1
   177    145    176    -1
   146    178    147    -1
   166    178    146    -1
   149    147    179    -1
   147    178    179    -1
   166    148    180    -1
   180    148    177    -1
   167    149    181    -1
   181    149    179    -1
   151    150    164    -1
   164    150    182    -1
   152    151    165    -1
   151    164    183    -1
   151    183    165    -1
   184    153    152    -1
   184    152    165    -1
   184    163    153    -1
   155    154    157    -1
   157    154    156    -1
   155    157    185    -1
   155    185    160    -1
   157    156    186    -1
   186    156    161    -1
   157    187    185    -1
   157    186    187    -1
   171    188    158    -1
   188    175    158    -1
   173    189    159    -1
   190    174    159    -1
   190    159    189    -1
   176    160    185    -1
   191    161    162    -1
   186    161    191    -1
   192    162    163    -1
   191    162    192    -1
   192    163    184    -1
   164    182    193    -1
   183    164    193    -1
   183    194    165    -1
   184    165    194    -1
   207    178    166    -1
   166    180    207    -1
   168    167    208    -1
   181    209    167    -1
   208    167    209    -1
   195    169    168    -1
   208    195    168    -1
   210    170    169    -1
   210    169    195    -1
   210    173    170    -1
   172    197    171    -1
   197    188    171    -1
   174    198    172    -1
   198    197    172    -1
   173    199    189    -1
   210    199    173    -1
   190    211    174    -1
   174    211    198    -1
   188    212    175    -1
   177    176    213    -1
   200    176    185    -1
   213    176    200    -1
   180    177    214    -1
   214    177    213    -1
   179    178    215    -1
   215    178    207    -1
   181    179    216    -1
   179    215    216    -1
   217    207    180    -1
   180    214    217    -1
   181    216    209    -1
   201    193    182    -1
   218    183    193    -1
   219    194    183    -1
   218    219    183    -1
   192    184    196    -1
   184    194    196    -1
   200    185    187    -1
   186    202    187    -1
   186    191    202    -1
   203    200    187    -1
   203    187    202    -1
   197    204    188    -1
   188    204    220    -1
   220    212    188    -1
   221    190    189    -1
   199    222    189    -1
   221    189    222    -1
   223    211    190    -1
   221    224    190    -1
   190    224    223    -1
   191    192    205    -1
   191    205    202    -1
   192    196    205    -1
   225    193    201    -1
   225    218    193    -1
   226    196    194    -1
   219    226    194    -1
   208    210    195    -1
   227    205    196    -1
   226    227    196    -1
   198    228    197    -1
   197    228    204    -1
   211    228    198    -1
   199    210    222    -1
   229    200    203    -1
   213    200    229    -1
   206    203    202    -1
   206    202    205    -1
   230    203    206    -1
   229    203    230    -1
   204    231    220    -1
   204    228    231    -1
   227    206    205    -1
   232    206    227    -1
   230    206    232    -1
   215    207    233    -1
   233    207    217    -1
   208    209    242    -1
   242    210    208    -1
   216    244    209    -1
   209    243    242    -1
   209    244    243    -1
   242    222    210    -1
   223    235    211    -1
   228    211    235    -1
   236    212    220    -1
   214    213    246    -1
   246    213    229    -1
   214    237    217    -1
   214    246    237    -1
   216    215    247    -1
   247    215    233    -1
   216    247    244    -1
   233    217    249    -1
   248    217    237    -1
   249    217    248    -1
   250    219    218    -1
   251    218    225    -1
   250    218    251    -1
   252    226    219    -1
   252    219    250    -1
   236    220    231    -1
   222    245    221    -1
   234    224    221    -1
   234    221    245    -1
   242    245    222    -1
   223    224    253    -1
   223    253    235    -1
   234    254    224    -1
   224    254    253    -1
   251    225    238    -1
   239    227    226    -1
   239    226    252    -1
   232    227    239    -1
   228    240    231    -1
   255    228    235    -1
   228    255    240    -1
   256    229    230    -1
   246    229    256    -1
   257    230    232    -1
   256    230    257    -1
   241    236    231    -1
   241    231    240    -1
   258    232    239    -1
   257    232    258    -1
   247    233    259    -1
   259    233    249    -1
   234    245    260    -1
   234    260    254    -1
   235    253    255    -1
   261    236    241    -1
   246    262    237    -1
   248    237    262    -1
   238    263    251    -1
   264    239    252    -1
   258    239    264    -1
   241    240    266    -1
   255    265    240    -1
   240    265    266    -1
   261    241    266    -1
   245    242    243    -1
   243    244    270    -1
   245    243    271    -1
   271    243    270    -1
   272    244    247    -1
   270    244    272    -1
   245    271    260    -1
   246    256    262    -1
   247    259    272    -1
   249    248    274    -1
   273    248    262    -1
   274    248    273    -1
   259    249    275    -1
   275    249    274    -1
   251    268    250    -1
   267    252    250    -1
   267    250    268    -1
   268    251    263    -1
   264    252    267    -1
   276    253    254    -1
   255    253    277    -1
   277    253    276    -1
   254    260    269    -1
   276    254    269    -1
   255    277    265    -1
   256    257    278    -1
   256    278    262    -1
   257    258    279    -1
   257    279    278    -1
   258    264    280    -1
   258    280    279    -1
   281    272    259    -1
   259    275    281    -1
   269    260    282    -1
   282    260    271    -1
   283    261    266    -1
   273    262    278    -1
   268    263    284    -1
   263    285    284    -1
   264    267    286    -1
   264    286    280    -1
   266    265    287    -1
   265    277    288    -1
   265    288    287    -1
   283    266    287    -1
   267    268    289    -1
   267    289    286    -1
   289    268    284    -1
   276    269    291    -1
   269    282    290    -1
   291    269    290    -1
   271    270    314    -1
   270    272    292    -1
   314    270    292    -1
   271    314    282    -1
   292    272    281    -1
   274    273    294    -1
   293    273    278    -1
   294    273    293    -1
   275    274    315    -1
   315    274    294    -1
   317    281    275    -1
   275    315    316    -1
   275    316    317    -1
   277    276    291    -1
   288    277    295    -1
   277    291    295    -1
   293    278    279    -1
   296    279    280    -1
   296    293    279    -1
   280    286    298    -1
   297    296    280    -1
   297    280    298    -1
   292    281    319    -1
   319    281    317    -1
   290    282    320    -1
   320    282    314    -1
   283    287    299    -1
   300    284    285    -1
   301    289    284    -1
   300    301    284    -1
   286    289    298    -1
   287    288    321    -1
   299    287    321    -1
   288    295    322    -1
   288    322    321    -1
   302    298    289    -1
   301    302    289    -1
   291    290    318    -1
   318    290    323    -1
   290    320    323    -1
   291    324    295    -1
   318    324    291    -1
   314    292    325    -1
   325    292    319    -1
   294    293    303    -1
   303    293    296    -1
   326    294    303    -1
   315    294    326    -1
   322    295    324    -1
   304    296    297    -1
   303    296    304    -1
   306    297    298    -1
   304    297    305    -1
   305    297    306    -1
   306    298    302    -1
   321    327    299    -1
   308    301    300    -1
   307    308    300    -1
   309    302    301    -1
   308    310    301    -1
   310    309    301    -1
   309    306    302    -1
   328    303    304    -1
   326    303    328    -1
   329    304    305    -1
   328    304    329    -1
   305    306    311    -1
   330    305    311    -1
   329    305    330    -1
   311    306    309    -1
   312    308    307    -1
   331    310    308    -1
   331    308    312    -1
   313    309    310    -1
   311    309    313    -1
   313    310    331    -1
   332    311    313    -1
   330    311    332    -1
   334    331    312    -1
   312    333    334    -1
   335    313    331    -1
   332    313    335    -1
   314    325    320    -1
   315    340    316    -1
   315    326    340    -1
   336    317    316    -1
   340    336    316    -1
   319    317    341    -1
   341    317    336    -1
   318    323    342    -1
   343    324    318    -1
   318    342    343    -1
   325    319    339    -1
   339    319    341    -1
   323    320    344    -1
   344    320    325    -1
   322    337    321    -1
   321    337    327    -1
   322    324    345    -1
   322    345    337    -1
   342    323    346    -1
   323    344    346    -1
   343    347    324    -1
   345    324    347    -1
   325    339    344    -1
   326    328    348    -1
   326    348    340    -1
   337    349    327    -1
   328    329    350    -1
   328    350    348    -1
   329    330    351    -1
   329    351    350    -1
   330    332    352    -1
   330    352    351    -1
   335    331    334    -1
   332    335    338    -1
   332    338    352    -1
   353    334    333    -1
   335    334    354    -1
   354    334    353    -1
   335    354    338    -1
   356    336    340    -1
   341    336    355    -1
   355    336    356    -1
   345    357    337    -1
   349    337    357    -1
   358    352    338    -1
   338    354    358    -1
   339    341    359    -1
   360    344    339    -1
   339    359    360    -1
   348    356    340    -1
   359    341    355    -1
   342    361    343    -1
   342    346    371    -1
   361    342    371    -1
   347    343    361    -1
   346    344    360    -1
   345    347    372    -1
   357    345    372    -1
   346    360    373    -1
   371    346    373    -1
   361    374    347    -1
   372    347    374    -1
   350    362    348    -1
   362    356    348    -1
   375    349    357    -1
   351    376    350    -1
   376    362    350    -1
   352    377    351    -1
   377    376    351    -1
   358    363    352    -1
   363    377    352    -1
   353    365    354    -1
   364    365    353    -1
   365    358    354    -1
   355    356    379    -1
   359    355    378    -1
   378    355    379    -1
   379    356    362    -1
   380    357    372    -1
   375    357    380    -1
   366    363    358    -1
   365    366    358    -1
   381    360    359    -1
   359    378    381    -1
   373    360    381    -1
   371    382    361    -1
   374    361    382    -1
   383    362    376    -1
   379    362    383    -1
   367    363    366    -1
   384    363    367    -1
   384    377    363    -1
   364    369    365    -1
   368    369    364    -1
   369    366    365    -1
   367    366    370    -1
   370    366    369    -1
   385    367    370    -1
   386    384    367    -1
   386    367    385    -1
   387    369    368    -1
   370    369    387    -1
   385    370    388    -1
   388    370    387    -1
   371    373    390    -1
   382    371    390    -1
   372    374    399    -1
   372    399    380    -1
   373    381    391    -1
   390    373    391    -1
   382    400    374    -1
   399    374    400    -1
   380    401    375    -1
   392    376    377    -1
   383    376    392    -1
   392    377    384    -1
   378    379    389    -1
   393    381    378    -1
   378    389    393    -1
   389    379    383    -1
   401    380    399    -1
   391    381    402    -1
   402    381    393    -1
   390    403    382    -1
   400    382    403    -1
   389    383    404    -1
   404    383    392    -1
   394    384    386    -1
   394    392    384    -1
   386    385    405    -1
   385    388    395    -1
   385    395    405    -1
   394    386    406    -1
   386    405    406    -1
   388    387    396    -1
   395    388    397    -1
   388    396    397    -1
   389    407    393    -1
   389    404    407    -1
   390    391    408    -1
   390    408    403    -1
   391    402    409    -1
   408    391    409    -1
   404    392    394    -1
   407    402    393    -1
   404    394    410    -1
   394    406    410    -1
   397    411    395    -1
   405    395    411    -1
   396    398    397    -1
   398    412    397    -1
   412    411    397    -1
   413    412    398    -1
   399    400    424    -1
   423    401    399    -1
   399    424    423    -1
   403    414    400    -1
   424    400    414    -1
   423    425    401    -1
   415    402    407    -1
   409    402    415    -1
   416    403    408    -1
   416    414    403    -1
   404    410    407    -1
   405    418    406    -1
   411    417    405    -1
   417    418    405    -1
   406    419    410    -1
   418    419    406    -1
   410    415    407    -1
   408    409    420    -1
   408    420    416    -1
   409    415    421    -1
   420    409    421    -1
   419    415    410    -1
   412    427    411    -1
   427    417    411    -1
   413    426    412    -1
   426    427    412    -1
   422    426    413    -1
   416    429    414    -1
   424    414    428    -1
   428    414    429    -1
   421    415    419    -1
   430    416    420    -1
   430    429    416    -1
   431    418    417    -1
   432    417    427    -1
   431    417    432    -1
   433    419    418    -1
   433    418    431    -1
   421    419    433    -1
   420    421    434    -1
   420    434    430    -1
   434    421    433    -1
   436    426    422    -1
   436    422    435    -1
   437    423    424    -1
   437    425    423    -1
   424    428    437    -1
   437    442    425    -1
   438    427    426    -1
   438    426    436    -1
   432    427    438    -1
   428    429    444    -1
   443    437    428    -1
   428    444    443    -1
   430    445    429    -1
   444    429    445    -1
   446    430    434    -1
   446    445    430    -1
   440    431    432    -1
   439    433    431    -1
   439    431    440    -1
   447    432    438    -1
   440    432    447    -1
   434    433    439    -1
   434    439    446    -1
   441    436    435    -1
   448    438    436    -1
   448    436    441    -1
   443    442    437    -1
   447    438    448    -1
   439    440    449    -1
   449    446    439    -1
   440    447    450    -1
   450    449    440    -1
   448    441    451    -1
   441    452    451    -1
   456    442    443    -1
   458    443    444    -1
   458    456    443    -1
   444    445    453    -1
   444    453    458    -1
   446    459    445    -1
   453    445    459    -1
   449    459    446    -1
   447    448    457    -1
   457    450    447    -1
   451    457    448    -1
   450    460    449    -1
   449    460    459    -1
   457    461    450    -1
   450    461    460    -1
   452    454    451    -1
   454    457    451    -1
   455    454    452    -1
   462    458    453    -1
   453    459    463    -1
   453    463    462    -1
   455    464    454    -1
   454    465    457    -1
   454    464    465    -1
   458    468    456    -1
   457    465    461    -1
   462    468    458    -1
   463    459    460    -1
   466    460    461    -1
   463    460    466    -1
   465    467    461    -1
   461    467    466    -1
   470    462    463    -1
   462    469    468    -1
   470    469    462    -1
   463    466    470    -1
   464    472    465    -1
   464    471    472    -1
   465    472    467    -1
   473    466    467    -1
   473    470    466    -1
   467    472    474    -1
   474    473    467    -1
   475    469    470    -1
   476    470    473    -1
   475    470    476    -1
   472    471    477    -1
   474    472    478    -1
   478    472    477    -1
   474    476    473    -1
   479    476    474    -1
   478    479    474    -1
   475    476    480    -1
   479    480    476    -1
   478    477    481    -1
   481    479    478    -1
   479    482    480    -1
   481    482    479    -1
